99 0 1 2 3 5 6 7 8 9 10 16 17 18 25 26 33 34 41 42 49 50 57 58 59 60 61 62 63 64 66 76 79 89 99 102 107 113 115 117 129 131 134 140 155 160 164 166 172 173 178 182 184 190 193 202 203 204 208 219 229 240 244 246 251 253 256 268 272 285 286 291 292 302 304 309 314 319 321 324 326 331 336 341 343 346 348 351 352 358 363 365 367 372 378 379 382 386 393 397
99 0 1 2 3 5 6 7 8 9 10 11 18 23 26 28 33 34 38 42 50 55 58 59 60 61 62 63 64 100 101 102 103 104 105 106 107 115 117 126 127 131 150 154 155 156 172 182 191 192 200 203 204 206 214 216 219 224 227 229 232 237 240 242 250 252 253 256 260 262 271 275 280 282 286 290 291 300 301 302 306 314 320 321 337 343 350 351 356 358 362 365 368 372 374 379 380 386 393 399
99 0 1 2 3 5 6 7 8 9 10 11 18 23 26 28 33 34 38 42 50 55 58 59 60 61 62 63 64 66 75 84 86 95 104 107 111 114 115 121 126 128 131 155 160 165 166 172 175 178 184 188 190 191 201 203 204 210 214 215 218 219 229 230 233 234 244 245 248 249 253 265 266 285 286 291 295 298 302 303 314 315 323 326 340 343 351 353 358 360 365 367 372 374 379 381 386 388 393 395
99 0 1 2 3 5 6 7 8 9 10 16 17 18 25 26 33 34 41 42 49 50 57 58 59 60 61 62 63 64 65 76 80 91 95 106 107 111 115 119 120 125 131 132 137 142 143 149 154 155 158 172 175 176 181 198 203 204 206 213 216 219 222 229 231 232 233 242 251 252 253 254 286 287 288 291 298 301 302 312 314 331 333 343 344 350 351 357 358 364 365 371 372 378 379 385 386 392 393 399
99 0 1 2 3 5 6 7 8 9 10 14 17 18 26 27 34 37 40 42 50 53 58 59 60 61 62 63 64 93 94 95 96 97 98 99 107 111 115 119 126 136 138 148 155 156 168 172 175 179 184 185 204 209 211 213 220 222 229 231 233 238 240 242 249 251 253 255 261 265 267 270 275 280 286 287 292 297 298 302 308 314 323 327 343 348 349 351 354 358 365 369 372 373 379 384 386 388 393 399
99 0 1 2 3 5 6 7 8 9 10 15 18 23 24 26 32 34 40 42 48 50 56 58 59 60 61 62 63 64 68 73 85 90 95 100 107 111 114 115 138 140 143 147 155 157 165 168 172 175 176 178 187 188 191 201 202 204 216 229 230 233 236 239 240 253 258 270 271 285 286 296 298 302 305 311 314 316 320 325 329 331 334 340 343 345 349 351 352 358 365 371 372 377 379 383 386 389 393 395
99 0 1 2 3 5 6 7 8 9 10 16 18 22 26 28 34 40 42 46 50 52 58 59 60 61 62 63 64 100 101 102 103 104 105 106 107 113 115 117 121 125 128 132 136 138 141 147 151 155 160 168 171 172 182 183 188 204 208 225 229 234 240 242 248 253 256 264 266 267 270 286 293 302 304 309 311 320 321 326 329 331 340 343 348 349 351 352 358 359 365 366 372 373 379 380 386 387 393 394
99 0 1 2 3 5 6 7 8 9 10 11 18 20 26 29 31 34 40 42 49 50 58 59 60 61 62 63 64 66 76 79 89 99 102 107 115 117 138 140 142 148 149 155 156 165 168 169 172 181 182 204 206 213 215 228 229 239 240 253 256 260 265 270 271 275 286 287 290 292 297 301 302 306 312 315 318 321 324 327 330 333 339 343 345 349 351 356 358 363 365 370 372 377 379 384 386 391 393 398
99 0 1 2 3 4 5 6 7 8 9 10 13 17 18 26 28 32 34 42 43 47 50 58 59 60 61 62 63 64 66 78 83 88 93 105 107 115 136 137 145 148 152 155 158 163 168 170 172 178 182 204 210 211 212 226 229 242 245 253 255 261 262 267 271 280 282 286 291 292 298 300 302 307 310 312 320 322 323 325 333 335 338 343 346 348 351 352 358 359 365 366 372 373 379 380 386 387 393 394
99 0 1 2 3 5 6 7 8 9 10 11 18 21 24 26 34 42 44 47 50 57 58 59 60 61 62 63 64 70 76 82 88 94 100 107 108 114 115 143 145 151 152 155 157 164 168 172 173 176 182 184 187 191 193 202 204 207 212 216 221 224 226 229 234 238 239 243 248 251 253 257 275 278 286 291 293 298 302 307 316 318 331 335 339 343 351 357 358 364 365 371 372 378 379 385 386 392 393 399
99 0 1 2 3 5 6 7 8 9 10 14 18 22 26 30 31 34 39 42 47 50 55 58 59 60 61 62 63 64 79 80 81 82 83 84 85 107 109 115 121 125 142 145 148 155 161 166 169 172 182 186 187 204 207 212 215 219 224 229 230 234 239 245 249 251 253 260 262 284 286 293 297 298 302 306 312 318 322 324 325 330 335 338 343 348 349 351 352 358 361 365 370 372 379 381 386 390 393 399
99 0 1 2 3 4 5 6 7 8 9 10 15 18 20 25 26 34 37 42 47 50 52 58 59 60 61 62 63 64 66 77 81 92 96 100 107 108 115 129 132 141 145 155 161 163 164 172 173 181 182 183 184 192 193 201 202 204 208 212 214 219 221 225 229 253 255 261 266 267 272 278 280 284 286 290 292 296 298 302 309 310 335 336 343 345 349 351 356 358 359 365 369 372 379 382 386 392 393 395
99 0 1 2 3 5 6 7 8 9 10 13 18 21 26 29 34 37 38 42 46 50 54 58 59 60 61 62 63 64 66 77 81 92 96 100 107 110 115 118 121 123 127 128 140 145 146 150 152 155 161 171 172 184 186 191 196 204 206 213 216 219 222 229 231 232 233 242 251 252 253 258 260 264 277 280 284 286 302 303 321 325 337 343 346 349 351 355 358 362 365 369 372 376 379 383 386 390 393 397
99 0 1 2 3 5 6 7 8 9 10 11 17 18 26 30 34 36 42 48 50 54 58 59 60 61 62 63 64 79 80 81 82 83 84 85 107 112 115 116 126 129 130 134 139 142 145 149 152 155 161 172 179 190 196 198 202 204 219 224 228 229 233 238 246 253 254 271 277 279 284 286 292 302 304 309 311 320 321 326 329 331 340 343 348 349 351 354 358 361 365 368 372 375 379 382 386 389 393 396
99 0 1 2 3 4 5 6 7 8 9 10 11 17 18 26 30 34 36 42 48 50 54 58 59 60 61 62 63 64 65 75 85 88 98 101 107 108 115 120 125 150 152 155 157 166 168 170 172 176 181 185 187 191 196 200 202 204 207 226 229 232 233 249 250 253 257 262 266 268 271 277 280 282 286 288 291 297 300 302 307 321 324 338 343 344 350 351 357 358 362 365 367 372 379 384 386 389 393 394
99 0 1 2 3 5 6 7 8 9 10 13 18 21 26 29 34 37 38 42 46 50 54 58 59 60 61 62 63 64 86 87 88 89 90 91 92 107 114 115 122 128 132 149 152 155 158 168 172 173 190 196 201 204 210 214 216 218 221 226 229 233 238 243 244 248 253 255 277 279 286 290 291 295 302 307 310 315 320 321 323 327 333 339 343 345 346 351 352 358 361 365 370 372 379 381 386 390 393 399
99 0 1 2 3 5 6 7 8 9 10 14 17 18 26 27 34 37 40 42 50 53 58 59 60 61 62 63 64 93 94 95 96 97 98 99 107 111 115 119 126 136 138 148 155 156 168 172 175 179 184 185 204 209 211 213 220 222 229 231 233 238 240 242 249 251 253 255 261 265 267 270 275 280 286 287 292 297 298 302 308 314 323 327 343 348 349 351 354 358 365 369 372 373 379 384 386 388 393 399
99 0 1 2 3 5 6 7 8 9 10 11 18 19 26 27 34 35 42 43 50 51 52 58 59 60 61 62 63 64 69 78 80 89 98 100 107 113 115 116 125 126 128 129 138 139 141 142 151 152 155 172 174 178 179 183 185 202 204 205 219 220 225 229 248 251 253 255 261 264 267 268 279 280 283 286 292 294 298 302 305 309 312 327 329 341 343 351 355 358 360 365 372 377 379 382 386 387 393 399
99 0 1 2 3 4 5 6 7 8 9 10 11 18 19 26 27 34 35 42 43 50 51 52 58 59 60 61 62 63 64 65 66 67 68 69 70 71 107 108 115 126 137 140 151 155 157 163 165 172 184 185 197 204 207 212 215 219 224 229 230 234 239 245 249 251 253 257 261 265 271 281 286 296 302 307 310 315 320 321 323 327 333 339 343 345 346 351 357 358 359 365 368 372 377 379 386 388 393 397
99 0 1 2 3 4 5 6 7 8 9 10 14 17 18 26 27 34 37 40 42 50 53 58 59 60 61 62 63 64 66 72 85 91 97 103 107 109 115 125 126 127 132 155 161 163 166 170 172 181 183 185 192 196 200 201 204 207 212 216 221 224 226 229 234 238 239 243 248 251 253 261 264 282 286 290 295 297 302 306 310 314 327 329 338 343 351 352 358 359 365 366 372 373 379 380 386 387 393 394
99 0 1 2 3 5 6 7 8 9 10 16 17 18 25 26 33 34 41 42 49 50 57 58 59 60 61 62 63 64 66 76 79 89 99 102 107 113 115 117 129 131 134 140 155 160 164 166 172 173 178 182 184 190 193 202 203 204 208 219 229 240 244 246 251 253 256 268 272 285 286 291 292 302 304 309 314 319 321 324 326 331 336 341 343 346 348 351 352 358 363 365 367 372 378 379 382 386 393 397
99 0 1 2 3 5 6 7 8 9 10 11 18 22 26 34 37 41 42 45 50 56 58 59 60 61 62 63 64 93 94 95 96 97 98 99 107 110 115 119 121 125 127 131 137 140 143 146 149 152 155 159 162 164 172 173 182 184 185 193 195 198 202 204 209 227 229 234 243 244 246 253 259 268 275 280 281 286 293 302 316 319 333 342 343 348 349 351 352 358 364 365 369 372 374 379 386 391 393 396
99 0 1 2 3 4 5 6 7 8 9 10 16 17 18 25 26 33 34 41 42 49 50 57 58 59 60 61 62 63 64 100 101 102 103 104 105 106 107 108 115 126 137 140 151 155 162 164 170 172 179 191 192 204 210 214 216 218 221 226 229 233 238 243 244 248 253 258 268 274 278 282 286 292 302 306 312 318 322 324 325 330 335 338 343 348 349 351 354 358 363 365 372 374 379 383 386 392 393 394
99 0 1 2 3 5 6 7 8 9 10 11 18 22 26 34 37 41 42 45 50 56 58 59 60 61 62 63 64 68 73 85 90 95 100 107 108 115 122 125 132 134 140 155 157 164 166 169 172 198 201 204 207 221 222 229 230 240 244 253 257 266 268 272 277 278 284 286 288 290 296 297 302 307 310 312 320 322 323 325 333 335 338 343 346 348 351 357 358 364 365 371 372 378 379 385 386 392 393 399
99 0 1 2 3 5 6 7 8 9 10 15 18 23 24 26 32 34 40 42 48 50 56 58 59 60 61 62 63 64 68 73 85 90 95 100 107 111 114 115 138 140 143 147 155 157 165 168 172 175 176 178 187 188 191 201 202 204 216 229 230 233 236 239 240 253 258 270 271 285 286 296 298 302 305 311 314 316 320 325 329 331 334 340 343 345 349 351 352 358 365 371 372 377 379 383 386 389 393 395
99 0 1 2 3 5 6 7 8 9 10 15 18 23 24 26 32 34 40 42 48 50 56 58 59 60 61 62 63 64 66 72 85 91 97 103 107 112 115 117 121 126 130 132 134 136 145 147 149 151 155 158 172 178 192 195 197 202 204 205 211 216 227 229 233 234 253 259 262 264 269 271 274 280 282 286 291 296 300 302 306 319 322 333 334 337 343 351 353 358 363 365 366 372 376 379 386 389 393 399
99 0 1 2 3 5 6 7 8 9 10 11 17 18 26 30 34 36 42 48 50 54 58 59 60 61 62 63 64 66 77 81 92 96 100 107 110 115 119 128 130 142 147 155 159 162 165 172 175 178 182 185 188 191 195 198 201 204 209 215 216 218 224 229 231 253 259 264 265 269 270 274 275 286 287 291 292 296 297 302 311 315 330 334 343 346 348 351 352 358 361 365 370 372 379 381 386 390 393 399
99 0 1 2 3 5 6 7 8 9 10 11 17 18 26 30 34 36 42 48 50 54 58 59 60 61 62 63 64 86 87 88 89 90 91 92 107 113 115 117 121 125 128 132 136 138 141 147 151 155 172 173 178 181 186 187 197 204 205 214 216 229 236 249 251 253 255 260 262 268 285 286 296 302 305 314 316 319 324 325 334 336 341 343 345 346 351 355 358 362 365 369 372 376 379 383 386 390 393 397
99 0 1 2 3 5 6 7 8 9 10 11 18 23 26 28 33 34 38 42 50 55 58 59 60 61 62 63 64 100 101 102 103 104 105 106 107 115 117 126 127 131 150 154 155 156 172 182 191 192 200 203 204 206 214 216 219 224 227 229 232 237 240 242 250 252 253 256 260 262 271 275 280 282 286 290 291 300 301 302 306 314 320 321 337 343 350 351 356 358 362 365 368 372 374 379 380 386 393 399
99 0 1 2 3 5 6 7 8 9 10 15 17 18 26 34 35 42 44 46 50 55 58 59 60 61 62 63 64 65 66 67 68 69 70 71 107 111 115 118 120 123 128 132 137 140 142 145 150 154 155 157 168 172 174 176 180 186 187 191 192 198 202 204 220 222 229 230 232 237 248 253 258 275 280 286 288 294 296 302 305 312 320 321 342 343 344 351 352 358 362 365 372 375 379 385 386 388 393 398
99 0 1 2 3 5 6 7 8 9 10 16 18 19 26 29 32 34 42 45 50 55 58 59 60 61 62 63 64 67 72 84 89 94 106 107 113 115 116 121 123 149 154 155 160 166 168 172 174 178 180 184 186 190 192 198 203 204 208 225 229 237 238 251 252 253 256 260 264 268 271 275 279 283 286 290 294 298 301 302 304 320 325 341 343 344 350 351 352 358 361 365 370 372 379 381 386 390 393 399
99 0 1 2 3 5 6 7 8 9 10 14 18 22 26 30 31 34 39 42 47 50 55 58 59 60 61 62 63 64 66 77 81 92 96 100 107 111 115 119 120 125 131 132 137 142 143 149 154 155 156 172 173 185 187 190 192 204 209 211 214 220 224 227 229 237 238 240 249 250 253 255 262 266 275 279 281 286 302 308 320 324 342 343 345 348 351 354 358 361 365 368 372 375 379 382 386 389 393 396
99 0 1 2 3 5 6 7 8 9 10 11 18 23 26 28 33 34 38 42 50 55 58 59 60 61 62 63 64 66 75 84 86 95 104 107 111 114 115 121 126 128 131 155 160 165 166 172 175 178 184 188 190 191 201 203 204 210 214 215 218 219 229 230 233 234 244 245 248 249 253 265 266 285 286 291 295 298 302 303 314 315 323 326 340 343 351 353 358 360 365 367 372 374 379 381 386 388 393 395
99 0 1 2 3 5 6 7 8 9 10 16 18 22 26 28 34 40 42 46 50 52 58 59 60 61 62 63 64 100 101 102 103 104 105 106 107 113 115 117 121 125 128 132 136 138 141 147 151 155 160 168 171 172 182 183 188 204 208 225 229 234 240 242 248 253 256 264 266 267 270 286 293 302 304 309 311 320 321 326 329 331 340 343 348 349 351 352 358 359 365 366 372 373 379 380 386 387 393 394
99 0 1 2 3 5 6 7 8 9 10 12 18 20 26 28 34 36 42 44 45 50 53 58 59 60 61 62 63 64 70 76 82 88 94 100 107 112 115 117 121 126 130 132 134 136 145 147 149 151 155 169 172 179 181 184 188 198 204 206 222 224 228 229 248 249 253 257 265 266 268 270 275 277 286 287 288 292 297 302 308 311 312 323 326 339 343 351 352 358 362 365 372 375 379 385 386 388 393 398
99 0 1 2 3 5 6 7 8 9 10 13 17 18 26 28 32 34 42 43 47 50 58 59 60 61 62 63 64 72 73 74 75 76 77 78 107 110 115 119 121 125 127 131 137 140 143 146 149 152 155 161 163 165 172 175 178 181 183 188 191 192 201 204 206 229 231 236 239 245 248 253 258 264 266 271 286 287 295 302 303 312 326 329 343 345 346 351 355 358 360 365 372 377 379 382 386 387 393 399
99 0 1 2 3 5 6 7 8 9 10 11 18 19 26 27 34 35 42 43 50 51 52 58 59 60 61 62 63 64 69 78 80 89 98 100 107 113 115 116 125 126 128 129 138 139 141 142 151 152 155 172 174 178 179 183 185 202 204 205 219 220 225 229 248 251 253 255 261 264 267 268 279 280 283 286 292 294 298 302 305 309 312 327 329 341 343 351 355 358 360 365 372 377 379 382 386 387 393 399
99 0 1 2 3 5 6 7 8 9 10 15 17 18 26 34 35 42 44 46 50 55 58 59 60 61 62 63 64 65 66 67 68 69 70 71 107 111 115 118 120 123 128 132 137 140 142 145 150 154 155 157 168 172 174 176 180 186 187 191 192 198 202 204 220 222 229 230 232 237 248 253 258 275 280 286 288 294 296 302 305 312 320 321 342 343 344 351 352 358 362 365 372 375 379 385 386 388 393 398
99 0 1 2 3 5 6 7 8 9 10 15 17 18 26 34 35 42 44 46 50 55 58 59 60 61 62 63 64 71 74 84 87 97 100 107 112 115 121 122 128 137 139 155 158 162 166 171 172 201 202 204 205 218 220 227 229 242 243 253 259 264 268 269 274 279 283 286 291 294 296 298 302 306 312 315 318 321 324 327 330 333 339 343 345 349 351 353 358 360 365 367 372 374 379 381 386 388 393 395
99 0 1 2 3 5 6 7 8 9 10 11 18 19 26 27 34 35 42 43 50 51 52 58 59 60 61 62 63 64 67 78 82 86 97 101 107 110 115 118 121 123 127 128 140 145 146 150 152 155 159 169 172 178 180 200 202 204 209 211 214 220 224 227 229 237 238 240 249 250 253 259 285 286 290 294 297 300 302 312 314 331 333 343 344 350 351 352 358 359 365 366 372 373 379 380 386 387 393 394
99 0 1 2 3 5 6 7 8 9 10 16 17 18 25 26 33 34 41 42 49 50 57 58 59 60 61 62 63 64 65 76 80 91 95 106 107 111 115 119 120 125 131 132 137 142 143 149 154 155 158 172 175 176 181 198 203 204 206 213 216 219 222 229 231 232 233 242 251 252 253 254 286 287 288 291 298 301 302 312 314 331 333 343 344 350 351 357 358 364 365 371 372 378 379 385 386 392 393 399
99 0 1 2 3 5 6 7 8 9 10 11 18 20 26 29 31 34 40 42 49 50 58 59 60 61 62 63 64 66 76 79 89 99 102 107 115 117 138 140 142 148 149 155 156 165 168 169 172 181 182 204 206 213 215 228 229 239 240 253 256 260 265 270 271 275 286 287 290 292 297 301 302 306 312 315 318 321 324 327 330 333 339 343 345 349 351 356 358 363 365 370 372 377 379 384 386 391 393 398
99 0 1 2 3 5 6 7 8 9 10 11 18 20 26 29 31 34 40 42 49 50 58 59 60 61 62 63 64 100 101 102 103 104 105 106 107 111 115 118 120 123 128 132 137 140 142 145 150 154 155 160 166 170 172 178 181 184 185 190 196 200 203 204 210 211 213 229 234 250 252 253 264 266 281 286 292 300 301 302 303 324 325 333 340 343 350 351 353 358 363 365 366 372 376 379 386 389 393 399
99 0 1 2 3 5 6 7 8 9 10 16 17 18 25 26 33 34 41 42 49 50 57 58 59 60 61 62 63 64 66 75 84 86 95 104 107 113 115 116 125 126 128 129 138 139 141 142 151 152 155 160 172 181 191 193 197 198 204 208 213 214 228 229 234 238 253 256 260 266 271 272 275 278 284 286 290 296 301 302 304 316 318 333 336 340 343 351 352 358 364 365 369 372 374 379 386 391 393 396
99 0 1 2 3 5 6 7 8 9 10 11 18 22 26 34 37 41 42 45 50 56 58 59 60 61 62 63 64 93 94 95 96 97 98 99 107 110 115 119 121 125 127 131 137 140 143 146 149 152 155 159 162 164 172 173 182 184 185 193 195 198 202 204 209 227 229 234 243 244 246 253 259 268 275 280 281 286 293 302 316 319 333 342 343 348 349 351 352 358 364 365 369 372 374 379 386 391 393 396
99 0 1 2 3 5 6 7 8 9 10 15 18 23 24 26 32 34 40 42 48 50 56 58 59 60 61 62 63 64 66 72 85 91 97 103 107 112 115 117 121 126 130 132 134 136 145 147 149 151 155 158 172 178 192 195 197 202 204 205 211 216 227 229 233 234 253 259 262 264 269 271 274 280 282 286 291 296 300 302 306 319 322 333 334 337 343 351 353 358 363 365 366 372 376 379 386 389 393 399
99 0 1 2 3 5 6 7 8 9 10 13 18 19 25 26 31 34 42 44 50 56 58 59 60 61 62 63 64 65 66 67 68 69 70 71 107 112 115 116 126 129 130 134 139 142 145 149 152 155 156 166 172 174 193 195 201 204 208 225 229 234 240 242 248 253 269 272 275 280 283 286 295 302 305 314 316 319 324 325 334 336 341 343 345 346 351 357 358 364 365 371 372 378 379 385 386 392 393 399
99 0 1 2 3 5 6 7 8 9 10 12 17 18 26 29 34 39 42 50 51 56 58 59 60 61 62 63 64 69 78 80 89 98 100 107 109 115 118 142 146 149 151 155 159 162 168 172 174 180 182 185 186 192 195 198 204 210 214 215 218 219 229 230 233 234 244 245 248 249 253 254 274 280 286 290 293 297 302 305 319 322 330 331 342 343 351 356 358 363 365 370 372 377 379 384 386 391 393 398
99 0 1 2 3 5 6 7 8 9 10 13 18 21 26 29 34 37 38 42 46 50 54 58 59 60 61 62 63 64 66 77 81 92 96 100 107 110 115 118 121 123 127 128 140 145 146 150 152 155 161 171 172 184 186 191 196 204 206 213 216 219 222 229 231 232 233 242 251 252 253 258 260 264 277 280 284 286 302 303 321 325 337 343 346 349 351 355 358 362 365 369 372 376 379 383 386 390 393 397
99 0 1 2 3 5 6 7 8 9 10 16 18 19 26 29 32 34 42 45 50 55 58 59 60 61 62 63 64 67 72 84 89 94 106 107 113 115 116 121 123 149 154 155 160 166 168 172 174 178 180 184 186 190 192 198 203 204 208 225 229 237 238 251 252 253 256 260 264 268 271 275 279 283 286 290 294 298 301 302 304 320 325 341 343 344 350 351 352 358 361 365 370 372 379 381 386 390 393 399
99 0 1 2 3 5 6 7 8 9 10 11 18 20 26 29 31 34 40 42 49 50 58 59 60 61 62 63 64 100 101 102 103 104 105 106 107 111 115 118 120 123 128 132 137 140 142 145 150 154 155 160 166 170 172 178 181 184 185 190 196 200 203 204 210 211 213 229 234 250 252 253 264 266 281 286 292 300 301 302 303 324 325 333 340 343 350 351 353 358 363 365 366 372 376 379 386 389 393 399
99 0 1 2 3 5 6 7 8 9 10 12 17 18 26 29 34 39 42 50 51 56 58 59 60 61 62 63 64 65 66 67 68 69 70 71 107 112 115 120 123 143 146 151 155 171 172 176 180 184 185 201 204 206 214 216 219 224 227 229 232 237 240 242 250 252 253 257 264 266 268 277 279 283 286 288 294 297 298 302 308 324 325 331 339 343 344 351 352 358 365 371 372 377 379 383 386 389 393 395
99 0 1 2 3 5 6 7 8 9 10 11 17 18 26 30 34 36 42 48 50 54 58 59 60 61 62 63 64 79 80 81 82 83 84 85 107 112 115 116 126 129 130 134 139 142 145 149 152 155 161 172 179 190 196 198 202 204 219 224 228 229 233 238 246 253 254 271 277 279 284 286 292 302 304 309 311 320 321 326 329 331 340 343 348 349 351 354 358 361 365 368 372 375 379 382 386 389 393 396
99 0 1 2 3 5 6 7 8 9 10 11 17 18 26 30 34 36 42 48 50 54 58 59 60 61 62 63 64 66 77 81 92 96 100 107 110 115 119 128 130 142 147 155 159 162 165 172 175 178 182 185 188 191 195 198 201 204 209 215 216 218 224 229 231 253 259 264 265 269 270 274 275 286 287 291 292 296 297 302 311 315 330 334 343 346 348 351 352 358 361 365 370 372 379 381 386 390 393 399
99 0 1 2 3 5 6 7 8 9 10 12 18 20 26 28 34 36 42 44 45 50 53 58 59 60 61 62 63 64 70 76 82 88 94 100 107 112 115 117 121 126 130 132 134 136 145 147 149 151 155 169 172 179 181 184 188 198 204 206 222 224 228 229 248 249 253 257 265 266 268 270 275 277 286 287 288 292 297 302 308 311 312 323 326 339 343 351 352 358 362 365 372 375 379 385 386 388 393 398
99 0 1 2 3 5 6 7 8 9 10 12 18 20 26 28 34 36 42 44 45 50 53 58 59 60 61 62 63 64 66 78 83 88 93 105 107 109 115 118 127 130 137 139 155 159 162 166 170 172 181 182 185 195 196 198 200 204 210 224 229 242 243 246 249 253 254 268 269 281 286 290 292 302 305 311 314 316 320 325 329 331 334 340 343 345 349 351 356 358 362 365 368 372 374 379 380 386 393 399
99 0 1 2 3 4 5 6 7 8 9 10 13 17 18 26 28 32 34 42 43 47 50 58 59 60 61 62 63 64 66 78 83 88 93 105 107 115 136 137 145 148 152 155 158 163 168 170 172 178 182 204 210 211 212 226 229 242 245 253 255 261 262 267 271 280 282 286 291 292 298 300 302 307 310 312 320 322 323 325 333 335 338 343 346 348 351 352 358 359 365 366 372 373 379 380 386 387 393 394
99 0 1 2 3 4 5 6 7 8 9 10 11 18 19 26 27 34 35 42 43 50 51 52 58 59 60 61 62 63 64 65 66 67 68 69 70 71 107 108 115 126 137 140 151 155 157 163 165 172 184 185 197 204 207 212 215 219 224 229 230 234 239 245 249 251 253 257 261 265 271 281 286 296 302 307 310 315 320 321 323 327 333 339 343 345 346 351 357 358 359 365 368 372 377 379 386 388 393 397
99 0 1 2 3 5 6 7 8 9 10 13 17 18 26 28 32 34 42 43 47 50 58 59 60 61 62 63 64 72 73 74 75 76 77 78 107 110 115 119 121 125 127 131 137 140 143 146 149 152 155 161 163 165 172 175 178 181 183 188 191 192 201 204 206 229 231 236 239 245 248 253 258 264 266 271 286 287 295 302 303 312 326 329 343 345 346 351 355 358 360 365 372 377 379 382 386 387 393 399
99 0 1 2 3 5 6 7 8 9 10 11 18 19 26 27 34 35 42 43 50 51 52 58 59 60 61 62 63 64 71 74 84 87 97 100 107 112 115 116 136 137 141 146 155 161 163 168 172 174 180 181 183 186 192 198 201 204 214 225 229 236 238 242 245 253 254 267 271 283 286 296 297 302 304 309 314 319 321 324 326 331 336 341 343 346 348 351 354 358 365 369 372 373 379 384 386 388 393 399
99 0 1 2 3 5 6 7 8 9 10 11 18 21 24 26 34 42 44 47 50 57 58 59 60 61 62 63 64 70 76 82 88 94 100 107 108 114 115 143 145 151 152 155 157 164 168 172 173 176 182 184 187 191 193 202 204 207 212 216 221 224 226 229 234 238 239 243 248 251 253 257 275 278 286 291 293 298 302 307 316 318 331 335 339 343 351 357 358 364 365 371 372 378 379 385 386 392 393 399
99 0 1 2 3 4 5 6 7 8 9 10 16 17 18 25 26 33 34 41 42 49 50 57 58 59 60 61 62 63 64 100 101 102 103 104 105 106 107 108 115 126 137 140 151 155 162 164 170 172 179 191 192 204 210 214 216 218 221 226 229 233 238 243 244 248 253 258 268 274 278 282 286 292 302 306 312 318 322 324 325 330 335 338 343 348 349 351 354 358 363 365 372 374 379 383 386 392 393 394
99 0 1 2 3 5 6 7 8 9 10 16 17 18 25 26 33 34 41 42 49 50 57 58 59 60 61 62 63 64 66 75 84 86 95 104 107 113 115 116 125 126 128 129 138 139 141 142 151 152 155 160 172 181 191 193 197 198 204 208 213 214 228 229 234 238 253 256 260 266 271 272 275 278 284 286 290 296 301 302 304 316 318 333 336 340 343 351 352 358 364 365 369 372 374 379 386 391 393 396
99 0 1 2 3 5 6 7 8 9 10 11 18 21 24 26 34 42 44 47 50 57 58 59 60 61 62 63 64 72 73 74 75 76 77 78 107 110 115 118 122 134 139 151 155 159 166 171 172 191 192 197 204 209 211 213 220 222 229 231 233 238 240 242 249 251 253 259 264 266 269 272 274 278 284 286 290 291 296 302 318 322 331 337 343 345 346 351 352 358 363 365 367 372 378 379 382 386 393 397
99 0 1 2 3 5 6 7 8 9 10 14 18 22 26 30 31 34 39 42 47 50 55 58 59 60 61 62 63 64 79 80 81 82 83 84 85 107 109 115 121 125 142 145 148 155 161 166 169 172 182 186 187 204 207 212 215 219 224 229 230 234 239 245 249 251 253 260 262 284 286 293 297 298 302 306 312 318 322 324 325 330 335 338 343 348 349 351 352 358 361 365 370 372 379 381 386 390 393 399
99 0 1 2 3 4 5 6 7 8 9 10 11 17 18 26 30 34 36 42 48 50 54 58 59 60 61 62 63 64 65 75 85 88 98 101 107 108 115 120 125 150 152 155 157 166 168 170 172 176 181 185 187 191 196 200 202 204 207 226 229 232 233 249 250 253 257 262 266 268 271 277 280 282 286 288 291 297 300 302 307 321 324 338 343 344 350 351 357 358 362 365 367 372 379 384 386 389 393 394
99 0 1 2 3 5 6 7 8 9 10 11 17 18 26 30 34 36 42 48 50 54 58 59 60 61 62 63 64 86 87 88 89 90 91 92 107 113 115 117 121 125 128 132 136 138 141 147 151 155 172 173 178 181 186 187 197 204 205 214 216 229 236 249 251 253 255 260 262 268 285 286 296 302 305 314 316 319 324 325 334 336 341 343 345 346 351 355 358 362 365 369 372 376 379 383 386 390 393 397
99 0 1 2 3 5 6 7 8 9 10 14 18 22 26 30 31 34 39 42 47 50 55 58 59 60 61 62 63 64 66 77 81 92 96 100 107 111 115 119 120 125 131 132 137 142 143 149 154 155 156 172 173 185 187 190 192 204 209 211 214 220 224 227 229 237 238 240 249 250 253 255 262 266 275 279 281 286 302 308 320 324 342 343 345 348 351 354 358 361 365 368 372 375 379 382 386 389 393 396
99 0 1 2 3 4 5 6 7 8 9 10 15 18 20 25 26 34 37 42 47 50 52 58 59 60 61 62 63 64 66 77 81 92 96 100 107 108 115 129 132 141 145 155 161 163 164 172 173 181 182 183 184 192 193 201 202 204 208 212 214 219 221 225 229 253 255 261 266 267 272 278 280 284 286 290 292 296 298 302 309 310 335 336 343 345 349 351 356 358 359 365 369 372 379 382 386 392 393 395
99 0 1 2 3 5 6 7 8 9 10 13 18 21 26 29 34 37 38 42 46 50 54 58 59 60 61 62 63 64 86 87 88 89 90 91 92 107 114 115 122 128 132 149 152 155 158 168 172 173 190 196 201 204 210 214 216 218 221 226 229 233 238 243 244 248 253 255 277 279 286 290 291 295 302 307 310 315 320 321 323 327 333 339 343 345 346 351 352 358 361 365 370 372 379 381 386 390 393 399
99 0 1 2 3 4 5 6 7 8 9 10 14 17 18 26 27 34 37 40 42 50 53 58 59 60 61 62 63 64 66 72 85 91 97 103 107 109 115 125 126 127 132 155 161 163 166 170 172 181 183 185 192 196 200 201 204 207 212 216 221 224 226 229 234 238 239 243 248 251 253 261 264 282 286 290 295 297 302 306 310 314 327 329 338 343 351 352 358 359 365 366 372 373 379 380 386 387 393 394
99 0 1 2 3 5 6 7 8 9 10 11 18 22 26 34 37 41 42 45 50 56 58 59 60 61 62 63 64 68 73 85 90 95 100 107 108 115 122 125 132 134 140 155 157 164 166 169 172 198 201 204 207 221 222 229 230 240 244 253 257 266 268 272 277 278 284 286 288 290 296 297 302 307 310 312 320 322 323 325 333 335 338 343 346 348 351 357 358 364 365 371 372 378 379 385 386 392 393 399
99 0 1 2 3 5 6 7 8 9 10 15 17 18 26 34 35 42 44 46 50 55 58 59 60 61 62 63 64 71 74 84 87 97 100 107 112 115 121 122 128 137 139 155 158 162 166 171 172 201 202 204 205 218 220 227 229 242 243 253 259 264 268 269 274 279 283 286 291 294 296 298 302 306 312 315 318 321 324 327 330 333 339 343 345 349 351 353 358 360 365 367 372 374 379 381 386 388 393 395
99 0 1 2 3 5 6 7 8 9 10 13 18 19 25 26 31 34 42 44 50 56 58 59 60 61 62 63 64 65 66 67 68 69 70 71 107 112 115 116 126 129 130 134 139 142 145 149 152 155 156 166 172 174 193 195 201 204 208 225 229 234 240 242 248 253 269 272 275 280 283 286 295 302 305 314 316 319 324 325 334 336 341 343 345 346 351 357 358 364 365 371 372 378 379 385 386 392 393 399
99 0 1 2 3 5 6 7 8 9 10 12 18 20 26 28 34 36 42 44 45 50 53 58 59 60 61 62 63 64 66 78 83 88 93 105 107 109 115 118 127 130 137 139 155 159 162 166 170 172 181 182 185 195 196 198 200 204 210 224 229 242 243 246 249 253 254 268 269 281 286 290 292 302 305 311 314 316 320 325 329 331 334 340 343 345 349 351 356 358 362 365 368 372 374 379 380 386 393 399
99 0 1 2 3 5 6 7 8 9 10 11 18 21 24 26 34 42 44 47 50 57 58 59 60 61 62 63 64 72 73 74 75 76 77 78 107 110 115 118 122 134 139 151 155 159 166 171 172 191 192 197 204 209 211 213 220 222 229 231 233 238 240 242 249 251 253 259 264 266 269 272 274 278 284 286 290 291 296 302 318 322 331 337 343 345 346 351 352 358 363 365 367 372 378 379 382 386 393 397
99 0 1 2 3 5 6 7 8 9 10 11 18 19 26 27 34 35 42 43 50 51 52 58 59 60 61 62 63 64 67 78 82 86 97 101 107 110 115 118 121 123 127 128 140 145 146 150 152 155 159 169 172 178 180 200 202 204 209 211 214 220 224 227 229 237 238 240 249 250 253 259 285 286 290 294 297 300 302 312 314 331 333 343 344 350 351 352 358 359 365 366 372 373 379 380 386 387 393 394
99 0 1 2 3 5 6 7 8 9 10 12 17 18 26 29 34 39 42 50 51 56 58 59 60 61 62 63 64 69 78 80 89 98 100 107 109 115 118 142 146 149 151 155 159 162 168 172 174 180 182 185 186 192 195 198 204 210 214 215 218 219 229 230 233 234 244 245 248 249 253 254 274 280 286 290 293 297 302 305 319 322 330 331 342 343 351 356 358 363 365 370 372 377 379 384 386 391 393 398
99 0 1 2 3 5 6 7 8 9 10 12 17 18 26 29 34 39 42 50 51 56 58 59 60 61 62 63 64 65 66 67 68 69 70 71 107 112 115 120 123 143 146 151 155 171 172 176 180 184 185 201 204 206 214 216 219 224 227 229 232 237 240 242 250 252 253 257 264 266 268 277 279 283 286 288 294 297 298 302 308 324 325 331 339 343 344 351 352 358 365 371 372 377 379 383 386 389 393 395
99 0 1 2 3 5 6 7 8 9 10 11 18 19 26 27 34 35 42 43 50 51 52 58 59 60 61 62 63 64 71 74 84 87 97 100 107 112 115 116 136 137 141 146 155 161 163 168 172 174 180 181 183 186 192 198 201 204 214 225 229 236 238 242 245 253 254 267 271 283 286 296 297 302 304 309 314 319 321 324 326 331 336 341 343 346 348 351 354 358 365 369 372 373 379 384 386 388 393 399
-1
